21107
12769
29380
10374
7218
18373
8437
29342
21285
10614
5506
16468
32558
8223
4733
12994
18187
22870
27061
1225
10538
3230
7212
31922
14014
6704
3531
8469
1298
1787
8533
13562
18717
31209
20634
16191
20824
7780
5357
8506
20940
4121
13271
158
13935
13307
17421
2211
28592
8843
32416
18017
27985
1879
12404
9341
15221
6593
24563
18952
30202
4866
31490
24740
1544
17775
8500
1513
24042
14586
24126
27655
10013
28923
26796
28076
5799
16177
14546
6440
23466
18435
3076
30415
23609
7180
10250
3742
13418
2775
29390
28962
11181
4839
12888
18326
5212
4859
2300
12108
18835
8336
466
25678
16193
10150
16743
32580
22655
14279
11954
19096
30753
8774
10314
29401
32651
19909
6614
5725
12231
25337
1476
30763
8404
14002
22334
23063
17216
5397
4185
16943
8185
21036
10384
12118
19040
17314
12146
303
14495
1991
1943
5949
30268
15834
19928
27464
25839
5000
16575
11010
32689
19376
15421
5354
21526
8809
7579
7281
9692
12870
9139
6491
28868
16089
8032
1641
15520
2165
2099
4917
30638
3384
18792
3421
19236
23369
23320
25827
7692
22623
31664
20436
14930
8835
7585
20776
18460
28182
23897
9962
4953
1301
4979
25497
20381
19356
22314
14029
20012
28073
1300
10525
23125
6691
7693
20289
12289
28443
4720
14452
16523
31569
19854
7196
14802
30970
5464
2733
909
9664
4703
9675
9951
23563
5119
9135
21548
20863
25814
8651
31530
7878
17275
2737
10555
29839
21357
4913
8698
8662
6730
4801
26131
20326
23874
15139
7257
5277
29386
29505
4370
18800
23701
22876
16277
14766
15808
12389
6680
7561
333
15531
963
31570
17618
21431
12553
22148
23410
9076
25143
20484
32013
29844
11341
7079
30132
27694
17422
28405
26976
4268
32595
19757
32739
5604
164
21641
3358
13445
16649
28866
2421
4277
27678
5847
28288
29688
16998
28171
19459
24148
30177
2604
10529
12979
13537
6939
1484
648
22297
13705
4224
15541
24823
6399
25649
17325
20788
5921
25218
11989
27817
51
32311
15153
31844
14556
2541
12092
12795
23850
24328
13847
9760
5335
28910
30182
9590
31947
8307
25976
16291
18913
25491
9510
19623
2286
5479
24317
23660
8192
594
29215
17565
29923
1148
28006
16572
23786
17537
7499
22639
14827
29290
12550
27
26764
2780
15095
10164
25533
31887
4165
11220
16774
16898
19397
23818
27907
17261
30749
4468
16813
5368
9513
29840
27610
25898
27805
2383
12936
12196
10732
4715
3670
2063
26985
21755
12755
4435
21164
26949
26363
29961
4664
3539
26111
28468
1627
12489
2373
16939
13141
9077
688
9946
17084
11304
30241
3370
4638
27204
7486
16574
5353
16535
22642
17888
3464
14823
20788
699
25039
7118
4493
2250
3737
7113
13524
4752
32431
27275
5565
2442
18668
2455
7570
10338
6559
7949
6335
3429
19249
15300
13460
20791
29192
18330
2631
30149
24490
2056
23352
16764
24870
29946
25209
23225
15536
20445
24462
14208
12939
12537
15985
13680
1324
32513
218
28150
19612
1256
19644
6850
6430
6647
17427
7799
10514
4125
2525
1447
13849
23686
6246
5118
7546
11886
19657
12733
26564
26680
19380
19818
29621
11962
9067
1478
18523
732
20240
12288
21113
6497
32545
3624
4396
25860
19266
18918
30158
1735
12605
1900
31515
6280
1351
9385
14226
1493
14213
30912
28446
26369
4814
10168
26614
4727
22707
24181
1730
22607
24252
2791
30207
7199
4341
25729
23716
16660
32169
22765
26630
7233
20078
12542
11513
24886
21089
486
9272
15573
32179
16041
17927
4705
613
32209
2326
3800
26191
18276
18601
1667
14951
32531
22006
20683
22336
16052
14542
5710
17105
13554
25472
17714
9080
23619
24059
8121
25663
7707
11314
6422
28253
13920
29637
29824
7168
27421
9437
23172
18505
27770
10839
22687
8344
28908
25894
32524
6923
25001
30450
4315
13889
11103
8197
31299
26212
1829
13416
313
21350
20402
27721
25665
19594
14028
5024
23429
5415
28420
23827
12324
28329
7585
23574
24012
984
10458
27222
29323
6493
13896
31832
8418
10113
28058
10589
14364
16697
21387
27274
30429
27744
20753
21829
27646
20291
15063
21730
22936
22370
27886
10111
20063
15733
20160
8748
26930
2734
21317
80
31472
830
18809
16968
31372
6682
4365
24400
32612
20991
1884
20135
13774
12211
16546
11246
500
8591
24936
31441
17635
58
11331
19946
30686
3255
6078
21730
4600
4002
149
5594
27618
32182
19492
22025
5633
17811
3870
30118
21699
10942
3202
17160
14132
20970
8395
2316
31692
25206
28008
23735
14219
24886
22635
28188
29513
10358
13445
24704
13127
8508
9522
28093
7433
8654
4913
22756
12136
5492
17719
29734
16611
20863
28900
15861
14390
15242
22518
22886
13102
9472
17853
26074
4027
32735
207
31197
2887
20667
1276
17742
27718
517
6532
7873
27150
31885
6024
33
18153
10566
29887
13978
20585
16457
26218
18869
14844
2333
12426
24005
1472
28726
30032
5507
28569
5563
6357
14069
3712
14733
3339
6036
8222
10372
6644
5037
12953
3836
30225
5384
8366
21648
17182
27848
5120
25893
17148
1170
431
2859
22767
10993
21805
16159
11017
32505
15693
4180
30694
16171
20381
2804
29850
32665
30198
16193
18152
2891
23121
20001
28597
29920
17628
7898
14779
6776
8270
8730
130
8402
6263
17978
25484
10674
1819
195
14800
18822
8960
4402
22891
72
9542
24824
1937
14758
22775
9413
9417
6241
18655
8966
26970
4339
32670
17325
17920
6004
3579
19760
15588
25790
19323
29396
18123
5840
1331
6187
6286
12400
3802
28123
23754
15381
27170
19362
13784
5635
30792
27543
7168
8632
27114
27315
27625
28295
24858
12943
14676
3971
31152
12399
14858
10910
11236
32128
23827
786
15644
23646
25129
768
13058
12249
1389
2135
31962
20217
4952
30968
18195
23104
30963
25112
11547
30254
9291
9957
15736
3851
18719
620
1045
2528
24029
24762
3801
1735
25805
21313
8318
6244
21899
9342
1441
5300
15034
20185
16405
25349
22519
23245
31869
27462
27660
26696
1562
2689
25446
26453
11489
12454
3786
17400
20945
2954
12867
2393
3459
25391
95
16421
9475
2886
21914
3122
16606
3570
18459
19810
6780
29647
24478
18377
5040
19763
2482
5906
27790
24756
7716
28958
2941
8938
1979
31727
2957
23414
25893
15045
1290
6978
13874
22150
17489
26635
26944
17763
25314
16669
23799
5561
30391
24926
10806
24629
19412
25230
19020
9532
23584
9677
28012
6538
31091
9566
5467
9753
24048
5034
18540
8004
5781
27528
28846
30508
31760
21947
15204
28507
11732
1980
3253
3495
17261
32699
23461
22617
10256
16864
2628
7567
21623
31446
3621
18911
23276
11146
32018
4669
31139
16944
20990
29983
10060
17544
32315
22239
19945
28511
6894
15712
10205
28504
20159
28404
29510
5868
15317
30845
28557
13744
2561
24275
22844
29910
24889
32614
22543
23799
26697
25637
4941
26896
7109
3742
24664
19146
4418
32358
16259
17406
31429
30395
6949
14712
32380
18280
31980
25339
13996
7401
11635
15494
28139
7120
29206
7382
27535
19303
23813
5420
25702
5015
25495
32336
25512
21000
12001
22230
16425
19082
23176
22176
29139
30388
5587
23460
23380
30922
23300
5103
23572
13796
12521
2282
15978
23373
10926
28637
22031
21290
6645
25521
25299
27740
10024
27642
2958
14759
17422
30005
1370
27667
11421
7757
15103
11410
27152
32613
2223
14564
3129
19921
24564
18360
3351
357
26598
30740
4779
24307
28065
20470
776
3087
14582
3644
7850
4117
6497
21441
5384
26222
16187
26569
18284
1550
13617
7071
11779
577
3573
4476
4912
10408
6707
27307
6438
16510
15047
8427
15798
20256
9005
3861
20581
1485
8249
27902
3778
15530
14088
17055
23287
7945
12342
5747
16541
27882
25425
23329
15317
30146
22158
24667
30356
12412
1723
19206
28734
5310
27509
22683
17271
6509
2971
29133
32310
31859
13827
20588
16410
14272
12907
15497
4866
18318
32434
9435
12760
9706
27720
5729
12717
8048
12771
22345
16651
25942
17779
10513
29062
172
4697
30188
16277
2785
24531
28007
19616
20362
31675
21580
32602
15199
32114
3014
32337
15494
13591
5063
14532
30741
6908
3239
29108
30930
21338
31758
317
15165
6723
22803
16423
15056
11225
9125
20921
25733
31934
2858
16333
4761
22219
26727
7466
30095
11781
3744
8717
3705
16844
14336
30473
7795
24150
4411
8721
12144
21084
10353
18900
6713
27923
17238
17225
11698
6238
24720
7562
23391
25410
26720
8165
3368
4250
20613
28208
2137
32268
14173
18270
493
30523
14926
4688
18444
18750
2916
11501
9426
10834
2619
12661
24146
18891
25632
9746
30683
7249
32627
19121
6266
14408
13903
30991
15039
22160
9326
19223
2500
19311
3142
31595
3948
3019
6008
13377
6121
4765
30315
16496
28289
15010
9012
21194
22417
24660
19386
22445
27602
24600
10007
1237
14555
17593
14913
7028
19175
14869
20457
4229
985
6166
10147
3933
25469
6628
8264
2691
9489
5465
24984
20161
22020
18102
18724
19579
18941
1172
7788
2880
4127
28701
21060
31647
19852
30075
19836
6972
8487
12433
4799
7971
29855
2537
14268
6235
24233
8174
31108
18111
31372
20572
28723
3593
22755
30196
9683
16688
28062
11892
5245
14324
8011
15558
20417
25270
23444
23416
23881
20622
21768
4972
184
23448
19998
27345
32472
28558
5494
81
7157
7836
5987
26252
22916
30831
10407
21446
14089
22416
28285
31196
31287
6384
2013
6781
16984
29124
23547
11158
27375
22418
12817
8206
412
11916
30302
10420
21313
12830
20590
374
21603
19395
28317
7891
26835
19484
10967
20371
20109
14915
27809
9909
12256
11613
27741
16809
8399
25710
15305
16063
3000
4210
14282
30688
20787
1193
18280
21884
7997
16690
3097
19907
17302
3035
26434
25624
32103
2872
30971
15554
4648
6130
31763
6373
10689
14434
9043
20145
13807
31326
23559
4570
26858
8019
6587
8264
32581
20116
3907
9999
24853
16882
30974
29601
24149
8333
23643
17731
2697
31722
24731
21181
31650
9029
9433
22614
28706
16680
14152
16895
8320
30524
4541
17871
16334
27744
16237
687
28569
248
4087
30551
11025
7559
31653
25977
28009
20353
7406
30011
6017
10330
25408
11499
22723
4835
25341
4334
8011
4822
26308
32762
21322
8879
9713
8070
25004
9150
17511
27774
23032
5243
32653
17466
9080
281
11414
31153
3483
25182
27654
19178
16279
24241
13937
19124
19282
8565
9862
4759
26499
15509
9293
20746
5396
18528
21933
2022
13260
13720
30769
3867
18986
1477
2060
12194
1172
24015
22618
27315
12209
9932
168
16695
12819
12567
17335
3968
18713
3490
21373
20792
3347
4493
5741
24983
168
14327
20984
3033
12149
22036
24148
32752
8183
21887
18300
32630
7339
26834
32632
22245
6259
28277
1502
30474
12860
30131
10393
17079
7134
6675
16873
25785
26691
10469
6059
16905
1228
17691
16347
23623
25072
32090
11863
14435
3879
2129
20453
7582
19974
6986
22136
16561
24747
3838
6831
12107
5979
18094
13983
4033
24938
3439
15826
2305
25947
24006
13967
26313
25673
18292
14428
19990
27782
26515
21442
5598
8065
9954
10064
6145
3821
12894
17891
3710
29983
25106
21028
20706
19640
559
29521
1543
2949
12895
1857
7674
1187
20311
13730
10301
13799
6827
18566
23087
1148
5351
28190
22984
11470
15835
18372
8329
27047
12086
27199
2739
5784
17751
13123
26296
20891
19039
6200
6383
24566
22411
21052
10123
23139
24769
2923
17102
25709
7784
29022
7546
29469
18813
20721
10633
26326
24035
8010
3357
31870
22267
5143
25530
23006
6773
14614
8115
14668
1382
4827
8162
30855
20378
18126
19868
3810
14635
25203
22244
11941
13906
10222
22751
5552
3454
966
3721
20833
7075
4073
22437
31160
13013
18416
11258
10169
18197
21157
20156
11026
23915
1218
22089
17150
28981
252
23574
24169
17342
6464
26856
10069
18962
21821
28999
23932
11537
16930
30255
17463
4035
28585
7690
10142
4075
15956
23003
15601
13535
25334
27324
25143
16534
17270
23434
292
5891
4304
17119
6464
12193
16988
24896
13638
17744
22099
28568
20426
14431
31631
12773
27423
22250
2194
8754
24696
32614
25546
18373
10829
20858
16660
3737
11777
24848
22654
13071
18625
8109
31313
5600
9135
28669
9295
3158
4928
6067
31801
188
1506
912
21396
30483
17891
4544
6317
18950
4750
22125
22747
13344
21655
3727
14340
31037
29113
13569
354
17470
925
28122
13703
3329
30206
15354
14751
6801
20491
13539
3062
30105
11532
9931
8634
24351
10313
25839
20993
8046
16423
11817
29197
16724
29845
25029
1743
3470
9382
30353
12203
23169
28543
26675
11899
1067
7284
3775
12502
8280
20078
5257
16018
17177
1680
32312
29063
26482
14874
31004
23190
20563
32653
25538
14315
30153
5904
17605
24702
21110
21010
9190
2272
9535
7729
31071
17716
31556
14170
10101
27771
5653
17714
12877
16662
547
26549
10752
645
29044
30493
31473
19573
11931
31494
6239
26362
15336
7375
13622
27673
29404
6467
32555
26249
14303
30073
4103
19898
5685
31480
2371
791
22575
16159
3542
13449
28574
14789
3659
18492
17037
12060
6934
13733
12336
28891
12584
28612
25111
15004
13505
17574
15783
11650
3718
22063
2507
12064
7891
4118
7399
12182
31570
16177
9998
6909
10957
11763
27764
31238
21312
27187
1062
1501
3635
6190
28408
13140
22342
30416
6847
31037
18702
31023
9665
22039
7199
6489
30314
22766
7274
18511
31553
12668
2250
8017
10010
2964
4313
13916
32140
14785
25864
17394
17317
29482
3311
27161
10461
10424
30689
21670
31817
13691
31684
3259
16913
28234
13855
9615
15652
21674
885
9837
16682
28914
210
22016
24763
6060
19363
19149
19406
7741
29642
25857
29300
17097
21490
5485
16326
19281
17440
5583
283
8222
23179
30291
19839
25955
11950
9305
353
22558
21147
20089
8844
29247
30354
18884
16473
6668
27346
23629
9250
24772
29615
4329
26105
5250
9189
30770
14746
10597
12588
31442
1951
15854
30477
8446
9971
16041
7155
29504
19081
27920
3205
22650
30542
19884
16691
5416
5724
16765
527
20453
30576
20124
7391
16177
22430
23583
16752
25713
16451
25917
30765
30775
21052
26547
26351
27588
20821
4453
22551
9163
1028
29001
14299
20600
15192
12161
31709
1713
5932
4295
10498
32412
23200
18702
27521
7009
25802
24934
30010
8241
8616
13601
5706
13959
1881
18996
17372
10669
29581
2272
321
31619
32059
5777
24388
13948
3730
22534
1463
8425
23345
24242
31570
13690
1690
17762
8126
1281
3812
16417
3052
25978
20401
25432
19627
4681
12640
26170
11130
8642
22660
25695
31130
29678
27028
25263
4456
32396
13540
7042
490
6743
24275
22022
6312
13703
22598
19680
15805
3994
15190
26646
22061
25172
24646
20012
8313
7173
16056
4237
16241
3850
28448
30509
26442
14998
24696
12141
24816
4275
5686
25151
22429
23939
635
30090
9387
13260
20621
31952
3495
691
13191
7438
10406
14536
3407
26595
23260
6211
457
29173
9578
8333
19018
10385
13432
12547
23888
10897
25732
18678
15984
10371
12793
2294
2703
4103
18180
22864
5205
1657
7075
22997
9439
30416
23551
32477
13492
14022
2299
32652
12539
1850
1805
31060
8427
29650
3917
27835
16258
21988
14027
30559
23930
32407
38
28471
8057
19525
11098
17179
27784
12068
14298
17543
8390
24870
19679
16028
22621
21789
31743
32359
26294
8483
4609
12390
19945
26681
27120
14152
19064
1838
30318
24565
18236
2243
30027
5838
19871
9484
342
566
17932
20505
30323
9809
7332
7126
23534
30219
7731
28976
18703
30045
8546
25721
30703
20684
20526
10510
31369
3634
9624
26679
17940
15040
29598
32590
2193
14916
1387
26916
31904
7080
12747
22176
12183
5819
29153
15017
28117
5941
20508
19782
18772
30965
17255
18948
28286
22924
19104
28057
15170
8959
23628
30406
19558
13257
32393
11906
29983
18464
6979
15188
21727
2169
25771
17409
32622
24910
24037
9575
27452
2079
23553
16297
6646
20919
4909
7820
12119
15792
1065
289
27201
23353
24059
1189
13324
27415
10211
30373
14878
25322
18321
4709
17851
13746
14230
11651
17951
1425
537
6104
16586
8915
21451
12959
7196
31787
15133
729
30753
25663
26544
17136
2478
20583
32268
14234
11181
29874
21398
19456
6837
24875
9916
14624
3806
1114
10099
15471
10195
14093
25571
8643
24360
13656
28000
9329
29934
10458
18845
27570
2693
10306
1052
9804
24498
20498
29673
2414
26097
22691
2440
14043
7693
19817
14636
20042
29677
18809
21802
11789
3249
23880
27820
9970
15102
438
682
10087
3477
15435
12566
8673
11307
22720
3159
12926
30325
23489
23289
18409
6530
4849
30115
21374
3917
26159
25417
17582
15507
19992
1442
21413
8418
5068
27101
24363
19699
15861
4496
25032
4921
20230
18417
16940
9914
14529
22344
717
7198
10492
12964
5330
261
5028
26573
21040
32158
7682
28027
25363
13430
20285
8645
4735
21645
10785
3292
22071
4527
5150
15353
3550
30465
11668
18580
15708
18395
32590
24535
18051
25301
8524
24146
26099
23333
16069
21488
30522
15400
7020
1066
17472
11070
32243
13946
25571
23515
9165
27411
27614
2523
8761
18383
31215
28182
22652
20841
22585
24885
22381
17644
16615
8388
25143
9579
1298
27272
27739
20979
6884
25106
14580
14270
22270
29844
32575
29865
21784
12020
14426
32232
21479
14879
31308
7929
2116
29088
1094
25814
11146
18545
24617
18799
18752
28688
15687
13143
4088
30166
26734
7614
10614
19077
1315
31903
24085
26656
27691
12602
1895
2559
21328
8901
5660
11042
8801
20319
12069
16070
6523
26949
9241
22326
11399
21576
19159
12004
14340
6015
30829
18360
29447
5945
9016
5288
17023
11061
28749
24969
20926
25878
12312
27940
5173
6929
3651
27021
5247
2793
30937
22192
13474
10525
684
27437
17297
28768
17652
32614
3061
17737
1080
11989
16428
16972
7282
9124
26514
32745
30830
16503
12544
11555
6259
7309
20115
3124
27685
1543
16047
10111
938
32391
9795
21190
23564
26109
8270
19613
19166
18366
9890
5150
19747
32215
30696
18143
15723
7840
7908
6945
13631
26772
32506
19018
7615
8287
2545
32662
13194
5433
760
7945
478
16243
29414
30888
6401
11599
12742
15336
991
12821
10643
16231
16628
2915
13888
28890
17004
28869
18171
326
14729
16773
9395
8564
12614
17605
472
25247
15418
12234
14178
3951
14782
26267
21268
4395
30290
10955
23298
13610
11069
11411
27217
26250
8564
12836
2878
12325
31677
18746
29281
6849
27668
14069
32563
15239
22606
6629
9679
1719
12796
29283
9717
15001
1426
1320
13140
30391
1225
19480
29449
21321
4161
26975
29283
3313
1131
20671
31465
6312
19878
6952
26526
13304
1960
14474
24451
17773
11296
29671
6494
8518
5273
32172
3258
1647
21410
28737
13359
26548
10540
735
17635
21807
5683
24226
32593
6658
21409
18911
32073
25164
12399
7607
8504
32085
6925
14828
2730
4108
23044
27380
13325
19380
14298
30284
7608
31962
9781
16655
10796
1674
7236
17607
3993
7618
13403
18051
676
22823
19677
1066
32359
26871
12383
19470
19897
2879
2314
12996
14768
4174
9025
23348
357
873
17284
1260
32503
19392
5013
21690
7635
22945
27353
2937
1586
13292
30208
7979
8675
31175
489
27208
24138
11410
28095
25942
20393
22046
2153
7866
6558
24345
23841
25806
16621
10701
13154
22067
19072
17675
17928
19561
19372
19297
30131
21660
20406
17043
31340
10945
13974
3913
22667
27362
28922
20742
7383
27830
15758
14937
9200
32117
19323
14679
28906
27626
26157
1096
22331
6858
3674
24225
31703
3396
9280
10803
29081
8665
1838
6305
29925
28526
20037
4375
2700
30880
32384
7737
1519
10583
25074
30810
14952
21150
25679
32751
23525
6322
6318
15427
21206
1880
19597
12908
1866
16500
19478
10365
26452
30936
15265
10493
11444
14170
10873
23192
9651
2601
17123
21
1359
9825
15196
13448
32408
9692
27939
14281
12122
22348
13303
24356
7676
21638
31522
32338
20136
21281
7094
23720
13229
25408
28695
2703
32033
4268
16569
11060
3018
6694
28203
1665
2879
13051
31829
30539
30538
728
25342
2509
4241
22496
18321
24149
1141
16124
1056
9277
19515
30322
8105
16669
1897
28346
7064
30783
21875
19853
14990
9811
29335
10046
9313
25956
7174
25165
2916
11531
32580
31034
14056
17123
14545
3735
5890
3900
9737
1889
17807
10772
3657
8080
6262
13379
26451
11501
10541
20725
14580
1060
30079
21341
25572
13338
32140
29864
20461
2944
785
9776
17743
7337
19945
21491
30052
13208
6612
11075
30336
29278
4472
14783
14107
1955
31397
30849
11314
13186
30685
6041
16106
3738
788
7610
15735
18273
1460
12340
21308
18876
12772
5922
19507
1229
266
20965
10128
17164
31630
20433
15777
18586
11746
8485
31993
11218
28351
13377
717
7200
23217
29459
4766
2838
10453
21715
12568
27580
15585
14320
26171
31784
6758
6218
27320
19791
7506
30113
17566
32027
7097
32333
5941
22206
21717
21040
10794
19781
20811
29162
27629
1136
6319
11851
29528
23489
24651
11278
17553
12243
5916
20420
23857
17901
29470
9742
19366
5591
25546
7183
21974
26092
3548
7201
29444
28017
13401
25287
7416
28965
13009
8164
15450
3609
27873
14378
13408
9922
22269
15060
20905
9805
31852
24472
8296
3634
9876
8407
28100
524
2424
17944
30847
17832
6527
29364
5334
24924
28279
3282
18345
24730
22489
4246
7388
24260
1615
9110
15613
22082
28275
31886
1575
26067
18650
29524
11302
32
21329
19726
9179
14743
14182
6306
24034
10358
14891
12142
5235
2854
6454
11834
12422
10443
14572
31338
2619
8217
2048
10104
2168
6249
15414
20642
25556
2316
19565
15072
4276
2783
19420
21273
5299
26655
2716
23702
19272
24191
8038
25527
23971
18296
16031
18661
29143
6881
657
30663
21822
32703
2300
7865
9753
24414
2509
31354
16504
11937
19245
2596
29274
24982
5821
16226
15124
15693
5152
32477
6647
31723
11451
1271
12333
30458
23736
700
14820
19459
5457
1813
8879
12127
5195
2111
14632
24906
21696
8572
17883
31033
32034
22793
2399
31598
28285
591
26054
27849
22780
4189
14136
22753
31151
27798
8154
32339
25995
9639
19188
5466
1459
2749
27476
25760
10486
1780
30957
6228
20120
20754
29124
3965
3669
17269
8717
5006
16803
28746
14224
11834
21048
17920
9298
4489
20940
22524
5234
17964
16160
8079
31569
5134
7231
18725
31733
22827
14851
25023
12464
17061
23772
30883
5628
7188
7885
2385
7338
10526
12983
16826
10044
15689
27866
30893
30351
1548
13465
26770
18877
15148
17277
602
13633
10566
21885
27830
30044
19111
11901
903
16312
25188
6420
27542
22604
19880
17042
3718
28031
32584
6210
4871
32656
22941
2540
9548
22325
23186
21918
9150
20354
19964
16556
1010
30477
31274
25078
984
19536
31421
24937
31542
6478
15802
20681
24917
12922
22238
429
23291
7380
7474
31947
25752
24405
18143
32373
27844
909
30530
7268
29417
2443
29507
30901
32317
21245
28643
9777
244
18840
12053
8657
31667
17594
24271
1409
30023
29262
28256
22565
6807
18161
19972
7898
6871
14674
19638
4990
5119
19679
2117
9330
9084
12190
9130
8606
28453
28504
14233
15030
14960
2557
12630
12988
23526
23876
5066
27847
9940
14738
20182
13826
7492
7197
8423
28919
32299
21585
14027
1550
996
6259
32195
15696
26333
19844
23513
25969
30865
1640
17011
27662
27318
32327
20265
19251
5815
4660
28372
28704
22884
32268
14055
32589
22249
24737
26883
6571
15100
19224
21701
1837
18779
24464
3043
27271
21110
17157
7287
25142
24680
26227
17818
15040
12332
27454
23093
5693
19214
9937
17940
11542
21599
2437
26940
3085
24429
27845
15743
29565
25011
3185
31309
15331
5452
12159
10957
25502
24494
17384
27180
10739
4244
29122
14902
23380
3388
27049
10275
13026
15315
29284
13235
30000
17198
31174
11389
10314
29370
11473
31107
3318
26294
23330
32523
15673
15519
10633
5802
5149
27628
22519
19874
17074
5884
7837
23918
13907
26701
26194
4762
13354
20462
24629
5592
19959
13623
16532
19281
5132
28855
8461
15417
10396
8814
19955
16038
6198
14396
756
20386
7053
14490
23288
21374
9850
9608
30539
12394
26692
3014
8703
30531
8478
4679
28556
3756
28913
7651
9146
5216
860
23884
24001
26823
15610
20803
20398
6343
19939
9484
1288
6620
19829
27423
31924
3179
17236
4640
6678
30803
16815
9745
12665
14278
29893
12743
13233
1111
19368
21658
15614
23123
7745
24673
2868
9813
29845
5022
7961
28949
21318
17397
3343
32129
12637
3299
16627
3343
31558
22188
14660
15953
18204
18837
32136
14794
7720
340
21483
8448
32676
5317
31274
29650
196
17886
26031
24588
11767
28133
20222
12089
4458
31200
3151
18104
717
2894
32636
28178
9307
4372
6942
20363
12564
27834
17139
26359
77
30679
2948
21199
25195
32202
7428
15236
15084
32171
15738
17683
31655
18562
17955
16090
25940
20406
2065
1450
12622
14280
25625
19485
2200
832
6636
15658
27678
27112
4740
11510
29246
12345
10690
19437
32135
4883
15189
4114
20673
7089
30429
18579
9261
28635
16208
4001
8206
29277
6557
3710
24679
18361
28304
18392
26119
4889
9206
23637
6339
32647
20737
32111
16131
26976
4590
642
3712
15366
16100
21539
14923
22486
2592
8628
8722
5210
18767
5429
1695
12991
28219
31069
26529
21641
29354
1514
28335
19077
15235
17973
2954
20479
14131
19977
9634
1590
15183
12469
1756
17421
25979
28256
25491
3587
906
19357
9181
19045
18151
18240
21007
1475
18227
8815
21123
23456
6191
12028
18584
22381
30429
22514
19707
25017
20962
6253
22821
3490
12591
21679
3109
23183
16608
18801
11424
15905
868
1399
3094
2662
28383
8551
12134
1104
31180
10715
24725
15974
23271
28597
3531
3002
74
12979
6558
7963
470
23107
147
10891
4820
12440
30690
4852
14044
21501
27002
3094
15862
21097
28997
12484
19456
9044
16301
27472
28496
29642
1375
16964
2714
30910
19535
23890
5651
15264
25084
22158
31702
5426
14069
11227
4999
19095
22428
25763
311
172
25130
16332
31624
31132
7667
32231
15634
20655
6124
7082
9477
10339
26730
4256
19215
32446
1580
26143
2688
7138
19100
14971
18604
20194
2898
1145
31376
27860
27866
11014
11705
17960
21175
17705
6242
1592
4263
5687
29917
12575
16681
6726
11316
13263
25917
14051
5135
14942
12651
25608
17368
16545
11270
24904
17694
4348
178
19277
9015
9592
11556
9604
7722
7958
27433
11287
1228
18276
31722
540
31272
20557
14446
4108
10788
17973
2912
9846
12642
26694
14355
14580
15461
23300
4803
17759
8693
26920
3614
15167
31940
18091
16898
30597
2129
2593
20361
10365
17677
20552
17987
11774
10173
15841
28354
18916
22559
21438
7772
13503
17104
18717
30764
27341
621
24628
16218
17702
25592
26893
7836
13111
2686
26260
2301
10353
30199
2543
6110
4674
29038
30733
2618
27205
11362
3458
18734
14518
875
5266
5560
6952
15393
8587
17343
9082
14393
2393
9811
8967
25585
9812
4407
13853
25519
24412
5020
9137
17636
9512
20528
25936
13879
23003
5719
27481
2784
22232
8376
29034
3409
1240
7420
30488
25884
14906
24786
12515
5137
21402
28727
1384
20134
15012
14580
27353
13213
20266
10088
14507
9952
26229
30855
16782
21424
21721
27939
18850
6654
13708
17003
11496
27417
25785
5041
18935
22922
24527
2416
1264
24636
31
31117
30387
9441
17318
23773
7251
14736
6183
15848
6856
8627
23678
1260
27364
7712
3120
17701
393
1158
18758
28492
18456
9739
14428
3422
31020
2355
25333
27550
13705
31492
5137
21213
25935
15208
25346
14329
14708
18642
24699
1188
24944
3876
6634
23910
18746
32209
26375
2277
29556
18750
13741
23653
17378
23407
18410
20875
20001
14303
6226
10598
31894
22191
22680
16560
9124
15107
15967
31056
21794
18602
4685
23844
2060
7421
13665
24062
26744
28425
4231
22252
25548
15088
8810
12989
17711
15500
8074
23488
30269
32086
22670
22735
14335
31110
23259
15244
26650
8316
32613
17387
9798
13407
23493
23793
28162
19716
18829
22203
30855
529
30680
449
31482
98
15141
3932
5349
3755
3941
23430
744
17759
82
993
27052
32209
27651
28668
19737
15514
21437
11985
1993
6970
12045
19858
22204
29954
29971
2981
19789
23345
20513
4077
17764
5213
12165
843
8174
11028
11170
13412
27018
20420
28742
10405
14213
4568
8503
16005
20745
13348
27919
17674
30865
8323
16970
11407
27040
16062
23198
13508
24243
12976
4235
15350
13172
17832
13106
5009
30512
32527
19562
32227
907
12363
3345
14626
27507
30690
21408
15281
22098
32739
258
1439
7048
31618
4007
11121
12824
10242
8404
32289
18593
21720
29757
29798
6545
14093
32213
14646
20373
3044
3557
905
3668
20157
16219
7009
29532
1593
8293
12295
9052
27807
18751
25495
14229
30590
21834
12222
8075
660
29277
1987
19200
8687
31327
23492
12322
24402
19222
24899
516
26330
20538
17633
11083
26337
29646
10600
24874
10019
26800
6159
25232
6943
878
17914
14239
29633
5467
21249
1377
29757
32226
26034
18870
3646
26139
18585
5009
2368
23196
27839
2916
14650
14226
30064
24537
2177
6928
12609
27331
22761
20902
9298
8788
45
28982
2001
10896
25489
5635
25279
6913
30405
30219
8183
19629
8717
16023
17772
17477
21407
28688
12466
3231
16460
11284
31936
5478
5987
10697
29940
27153
11731
17521
14679
21777
25743
22591
30755
17231
20023
24937
24706
31701
22516
4479
12953
32715
31140
20219
4293
9894
12599
21273
30244
19100
19800
23017
30296
6491
19280
6306
10887
23802
19496
28217
28582
20784
25870
562
23032
22724
20219
17847
465
10052
14738
2791
3488
13050
17738
9840
7468
796
26831
20320
31262
11843
17830
12600
12736
7454
12304
25666
31748
25960
28210
16421
5064
20759
29298
15543
25688
26071
5412
21778
12341
182
4454
8426
5397
23073
18760
6174
4394
1551
5425
13452
28071
17532
8830
26154
12929
13849
9579
3411
1906
18754
25143
28510
9796
29488
20867
22901
16972
2416
25596
26020
2357
20371
10553
5681
8447
3368
24038
15148
18246
16359
9507
22086
30152
15919
28967
28903
12322
23987
24361
6266
24282
29296
2688
29964
23458
14818
6921
11797
4827
1655
4809
4501
24153
16196
7891
12643
32102
2038
28524
27330
19977
9484
23406
3126
11144
28740
21226
3478
5675
29011
25873
3681
2115
28377
23893
3669
7275
2964
15307
5182
26894
17364
3284
14093
13609
24367
25596
15657
27218
10869
32290
17930
26618
3559
20186
12803
7151
21411
32015
15455
1060
12899
4845
31664
32181
28775
25853
15460
1318
12976
29842
27033
19436
19567
20837
30771
18222
8893
15996
2091
7116
30860
7760
12329
2977
14046
27182
10070
18437
1333
14558
16747
19862
17994
6275
28943
11577
19713
16322
17503
26203
23965
23078
4046
13949
20272
29635
15151
495
24918
18458
25872
14811
6691
30781
20554
25478
16474
27700
20438
9427
17888
25502
9442
31241
13936
31131
804
30933
32399
8170
12143
17555
7875
21839
27780
6089
7936
6968
10794
1780
22115
28319
10881
24712
23331
18482
4499
20018
11972
26546
4908
7008
31373
28313
13036
17667
28733
3583
19098
13971
8954
19390
19131
22612
27786
8917
26979
21209
12997
778
13132
11206
8522
29652
13093
8154
11122
24183
9004
24108
27266
17265
23807
2228
11301
24341
31663
7694
17689
374
25623
12411
31784
7558
10092
3625
8538
21375
29717
16052
9577
31362
2236
31212
17781
28030
23973
31705
7929
8020
30782
23036
16382
14905
7416
15832
1934
20059
21334
10417
27244
21447
28739
9364
28674
906
6825
1687
31643
19478
32319
9826
13778
25832
8355
12014
10826
17768
3240
27789
28064
785
18417
15403
24478
23249
18111
32723
23986
27059
20999
15477
31134
22715
5064
17638
2160
17
15771
5672
7605
17763
32140
18668
18154
14724
13608
15445
6963
14681
9943
24063
29520
5621
3436
13120
24012
2051
20987
1965
9079
29284
21482
25824
28695
14362
30539
14201
29531
10597
28009
17763
3600
19499
27553
22873
24471
925
17524
18344
18327
23320
5850
12342
12271
30793
2008
8643
13039
30869
14932
623
29127
15800
31017
24956
12095
28076
18295
5718
681
10700
19260
20688
14100
16697
17961
32433
10947
25213
4270
10863
17118
4206
19288
14138
18278
24149
14940
7740
15214
14160
32628
4384
1417
13557
9705
9681
31871
18744
13553
28548
11332
16271
15420
10488
26410
22868
3786
21500
30549
2410
8191
29235
1135
4899
14073
15124
414
4193
27681
29492
14259
8956
9472
18632
16293
21860
597
22885
317
28296
29796
17675
2578
15606
27024
29282
20664
7491
19244
26691
14389
16301
15503
24698
26548
28927
20582
30667
19070
27317
10319
7987
19493
28257
12963
12911
9474
12365
31378
22467
19170
21858
15990
3316
23037
2120
16481
1430
2600
27087
1272
16014
1099
24718
29829
27343
11284
3018
4679
7527
12781
23961
15885
21695
300
8262
13315
19230
24202
27384
16075
12400
19159
18831
20431
12614
32236
7119
29142
28445
3552
28608
18902
19939
5759
23380
6665
15031
29943
6475
31555
20465
27605
27988
16515
31330
17200
4981
14536
989
14628
16044
17190
9973
22147
27351
26904
4105
31686
1489
29464
28542
14922
13278
11117
332
19897
13129
17221
11708
18885
9035
3587
10096
20509
12847
1754
10915
25241
30388
21659
16818
9656
30899
16331
13019
10061
11521
20217
31557
32117
26775
32078
31553
20940
3824
16230
14288
11489
32691
19038
21861
5607
1938
20783
12268
23213
22642
11322
13322
5072
19660
7972
23975
14639
31315
12515
32682
23199
22487
18969
14595
20704
31337
3489
15087
31440
11712
8040
17527
23263
27611
19839
30522
10435
30696
20334
26989
11117
8293
4042
6432
28475
27781
13322
9411
11375
14549
22166
27880
29152
1823
10017
843
26607
1422
25913
2831
16317
4372
26908
28234
8859
14089
11982
3268
13762
31253
5992
18428
1605
24143
21683
4204
28995
166
13045
22542
23649
15745
13579
3615
21111
10914
14008
2083
22666
26704
2365
31785
3835
3509
15914
28752
29437
13445
5235
17290
21580
26592
15302
13216
21277
31354
25116
1143
31312
2041
16271
11409
18925
9630
5227
10966
17870
1576
19847
27029
23705
5365
17110
21190
15090
19563
17465
31122
24302
19350
26775
32021
32714
28434
21296
2146
7645
28972
25390
5063
20171
21828
381
19283
6652
8822
221
16022
31052
12665
17462
15784
20996
4550
7979
1901
31242
18941
9457
11542
7508
30597
22882
20203
6050
4467
30797
5704
5741
21166
18193
4326
5914
3920
9322
20828
5492
31055
19082
30950
32345
6236
30572
3684
15027
30987
28517
18086
26283
22325
3580
8678
2329
18331
22779
662
24382
9419
18886
8541
4277
17224
16620
604
24487
12517
22524
20405
10559
882
1434
15694
19037
31386
18385
22994
15503
30988
18603
28921
32573
6361
12543
25354
8483
24349
7563
5534
32260
21218
27202
24998
1181
31553
18407
8879
6361
2250
20443
19301
26179
11815
2612
9046
14016
27643
6670
4601
8574
21520
1062
6895
9768
1970
17317
28552
2140
30038
8505
14729
32606
6528
106
813
3598
18147
5932
24681
5911
14793
17328
15732
362
31413
29824
30343
235
21575
22219
7394
22377
24673
16125
3343
8660
28808
32659
14954
1450
21901
8750
21473
21171
19052
14054
9721
27886
1652
11744
24081
4811
15016
28451
4843
21402
32358
9383
13928
19012
28486
27311
21651
28729
2117
23129
17377
7337
29731
8820
10936
1015
24329
8849
32301
19307
2927
15453
24082
1319
11837
20270
29232
10332
22064
4571
11473
22973
25216
16081
5762
6196
19648
18019
1814
8660
18949
31586
28654
9488
1866
28142
7032
4650
1299
26763
1526
8430
22097
17272
13185
24223
18054
572
10061
22578
11049
28545
24622
13498
25676
11045
32347
21540
20604
24207
30323
17956
14313
2879
30141
11631
29383
10153
23476
25387
20211
32324
27843
28323
30938
734
8781
9536
27543
4658
15344
1717
11355
20412
30219
10617
21778
5580
2429
19322
12867
11226
22704
23312
30776
14105
28119
3119
21344
6478
11891
19938
22513
12771
26652
13300
5329
13623
6782
10480
19895
3641
8866
31821
8334
32309
11119
8418
6682
28398
1904
12192
32221
10988
22487
639
17724
28695
9410
31673
6622
4229
19134
19767
20309
5521
24969
21576
8192
6445
29
23961
12591
18809
489
25954
8841
19092
12642
10205
11435
27313
31674
5628
4882
23662
4591
603
27963
27490
6920
6772
2824
24309
23452
18
30822
32629
30355
5896
25645
29030
11056
23330
28232
23321
13392
21084
8469
2176
11500
28498
6670
320
7653
30712
9642
17672
6401
17547
21118
8737
1328
27335
16296
23111
21
10587
10861
2488
30913
10138
32545
1162
26562
23923
28999
7745
18524
14243
24314
4001
14102
19497
908
28353
22905
13050
15724
28001
29460
22263
27469
20861
19395
21276
9348
23587
19249
12282
20658
4737
28060
5479
25252
7490
30168
17524
14967
12827
151
28063
29440
15264
23783
14154
7787
13149
19964
2156
13857
25122
6704
27527
16880
31390
2888
7642
31334
16943
17401
7895
27261
15353
3755
21463
21630
2614
2428
5133
24095
31180
21384
12472
18414
27685
8040
19869
13299
4923
20216
7605
16273
13298
31837
22563
29870
25259
5191
31080
22036
28182
25972
9434
2838
27719
18806
14931
28278
7693
19125
29734
1158
7295
27575
8535
7310
1239
29599
20491
8558
5764
25588
31805
23940
30586
31652
5811
13776
4813
27465
30768
8278
17790
7850
5356
22980
19861
16261
1089
7765
12143
21900
12455
27125
1370
10157
17378
934
27999
17046
9082
22562
2399
18553
4460
26562
17762
28172
17695
19358
22571
18645
4249
5622
12816
21156
26099
4561
19976
18017
20746
9699
6406
14855
14712
24244
25477
6641
195
25599
4452
26965
20691
23896
31733
27662
11946
2578
14929
7582
9551
4192
17390
6515
7435
18362
8563
22633
13016
643
8138
26513
9239
6888
14711
31793
8833
18187
10793
2315
9312
30817
24719
14562
1279
19032
17005
29243
2399
17470
30447
18529
7467
29278
11069
32171
23534
6764
1359
31489
14980
3875
14595
24733
25807
26412
29549
5135
9131
6978
4206
28548
24355
20372
20104
30279
4325
19562
29936
12936
15091
27148
8165
8285
13980
29664
10049
18950
28587
18130
21326
31093
24542
12024
21466
8974
24217
18550
11662
28075
6364
26528
4475
31715
17779
19551
21238
23180
26988
9430
28582
14462
16590
9029
24027
19354
8072
11053
5409
1803
24232
22965
1302
1740
10701
27980
28280
21610
16607
20624
21122
26892
509
19566
27769
4272
20407
9611
27010
4791
10110
10467
21174
17316
31832
27569
23928
25633
10713
17038
5638
28995
4942
13276
6223
18958
17211
26981
19205
20028
7944
25920
20722
23098
759
32245
9359
17524
23129
26080
4563
16338
2050
16859
585
18306
13050
4887
20325
30713
19317
30795
3864
31028
23557
2577
3746
24132
31503
22156
28584
7689
28796
16463
7046
2366
25520
17530
230
25013
9664
27686
20370
30436
27615
27908
9862
27553
3610
15680
26698
2346
7750
7852
10622
17256
27446
25882
28086
21109
17457
31753
9865
1371
4258
28549
10469
12831
4114
31816
3237
26366
22100
27429
10854
16630
22527
15271
11158
2952
6946
25077
24781
3517
24626
7160
21089
10343
22343
8640
16181
10665
13704
13604
32209
31161
16100
21673
29624
1253
6148
5542
5877
1748
29821
27045
11768
6927
30025
21259
16800
14015
19320
19708
30105
28601
29475
27257
15080
13495
6818
28875
4292
23272
2558
28965
18344
9388
7849
9605
31398
9624
12141
5339
13054
10177
27811
17005
27119
30263
4261
27770
23757
12495
29830
7709
26452
3366
23808
6261
22588
10466
5037
22275
29709
20795
8314
13139
6709
25531
14170
27615
16472
11329
11831
4656
14311
25676
3886
9286
29172
14198
6907
21818
13637
28991
20402
18722
31399
14348
18353
18485
25476
31088
1234
11568
32440
27561
31717
4856
20385
18542
29789
1408
19317
9448
4169
14829
16601
2814
4230
4600
23983
14293
10547
28308
18223
9111
31334
5585
30777
13940
285
12289
23017
20199
5240
8217
19053
32059
17189
15194
1555
6221
9499
9264
9894
3987
30091
19546
11515
7773
2323
25163
18631
17499
29750
11728
21171
10080
30217
8180
11443
16997
31534
6689
31891
1489
19718
12423
29907
19704
16675
27585
8116
19681
31996
19894
24723
24652
8677
7614
8054
21747
30014
16391
21221
7697
22762
7222
23547
4129
10243
22353
26812
2536
19403
25820
20649
11957
7398
13122
8082
5608
25799
30583
17068
5041
4969
23516
3043
32538
32063
5731
32625
6472
13677
10739
8112
31229
22584
22286
11052
9570
22971
32689
253
12036
11484
635
8020
3612
22143
20754
28755
1811
16634
17859
22818
20037
25544
31848
16191
18438
4993
12943
30741
2530
3593
29400
22225
297
5896
3999
19569
25260
14491
12507
19997
18369
31818
31046
30139
7309
12345
1727
4286
17282
3234
20972
4414
4646
19842
12579
5454
2838
5267
651
30858
31051
10107
16766
9199
20637
24131
2866
4080
30597
22026
22169
11461
24103
15355
25477
9479
1680
17532
9488
11898
25148
8872
11067
23850
10459
5120
20437
11449
3156
21597
10911
13303
28171
3626
4269
14003
31072
6863
8975
2513
18296
10096
12465
32157
28735
4568
28544
16991
11437
4528
20686
31536
28233
501
29944
29451
4076
24233
582
10279
968
19144
25362
8580
8872
12925
12077
17092
121
23958
17534
4669
27146
1590
21228
9548
28688
18377
24447
9964
9069
31293
705
11399
26290
19824
26219
19724
30946
14564
17981
11841
7545
5050
30766
31835
1452
26846
16325
32716
24307
23423
28871
17756
10949
12226
9490
3195
17314
19383
2505
28629
13143
17548
1969
31784
15998
19456
19163
10578
18756
4635
28036
27055
31087
28444
19001
17313
14751
27060
14655
10608
467
28017
15665
853
2352
17789
25323
8145
17662
12168
22695
32323
22772
6915
102
10170
23733
26767
402
2568
6810
15797
7649
2328
11186
16599
19836
14977
5383
20838
26209
32602
18979
4182
21253
28753
14547
19663
7230
20471
16939
10534
19041
30558
17610
3083
24999
28902
7264
12804
32214
13652
14957
29466
20765
16164
15435
4305
2623
26657
8814
8286
26100
17714
3307
25877
28556
29815
8503
12065
13525
4500
32049
4727
28991
17485
23395
2573
29758
7508
19589
23366
18160
13662
10819
19889
21760
17020
10049
2804
7370
6057
8283
15107
10943
17055
4913
12438
25611
15344
24035
14809
25718
23889
11289
26981
29576
4665
13639
27503
21745
30379
12335
15167
30760
22607
8103
19684
19281
19912
23708
32551
13668
22594
343
27069
31628
17226
6655
23489
5581
14051
15967
7777
14058
12246
30954
20439
2950
21065
7932
27291
29833
19091
32355
19670
16581
12367
1054
21530
10714
8111
16484
24913
6230
32020
27625
22772
29473
5851
21084
29566
32281
6521
17972
29215
3065
2506
428
2996
1919
14758
6412
9719
6094
27318
25131
12019
25617
4997
30002
10940
14945
31450
10914
18780
7657
7494
15001
6416
71
4345
24913
10421
10806
23513
11497
11901
5994
28630
22632
1766
18876
16759
22527
8173
22407
11449
31374
9342
14674
7194
17514
31792
6831
9713
26462
29487
12898
5120
31727
7801
26054
2380
24548
20558
15213
14893
24070
12513
24839
27297
805
20308
18565
9957
17499
16099
8318
27207
23189
5216
11217
10294
30542
22495
15500
27547
13982
16050
22028
108
29300
16792
14950
23421
23327
25393
26374
13466
30996
15029
17558
1748
31723
5862
3618
27416
31402
19779
13177
262
2374
2431
15062
23039
18279
12593
26047
6784
19564
12237
7470
17839
5295
16083
26863
26420
21514
32326
30281
3914
20890
29024
29152
21782
12482
13188
14554
21303
19315
31092
9537
21150
427
12996
31144
6048
8764
24463
12306
1353
20687
28264
12303
2804
3368
13971
12328
4120
16300
25206
18045
21093
28448
24138
27821
27152
947
7958
31478
26731
15167
21982
24222
17592
13004
25367
3985
2879
10582
7775
2379
670
24528
18027
19192
15201
14952
11585
8922
15826
1805
29863
18668
18962
3374
28379
3269
24169
19141
30596
6846
30683
661
22761
7255
16636
32687
4449
14295
8965
12859
3338
13107
27942
2421
10174
15921
1566
12022
2883
10189
23562
1845
15810
732
1658
6989
29819
32239
20170
20481
32438
29306
4784
3581
23805
28470
13585
16222
22664
16835
4377
18037
12025
17298
9098
20936
9802
28162
24148
12634
7427
31177
23143
4397
27312
3478
23493
15620
9362
16373
23515
20845
6805
28786
3601
32255
8322
15361
4768
15585
30582
4253
19363
9100
27539
9264
2162
12497
31221
21171
31531
15389
4839
10134
11409
27132
19543
5730
25114
18908
6280
9885
10819
276
21767
5870
807
10020
17888
15233
20304
14142
20753
7085
3277
15110
3647
4820
644
4759
32424
30859
22474
32198
345
5115
18993
19114
22433
24199
30113
19804
19909
22960
25259
1275
23541
31797
20249
4595
21375
31358
25802
24959
27715
28218
21181
12909
18023
8520
31851
22306
13388
32723
13146
22749
24768
30146
12015
24640
9589
15183
13956
1804
9649
21749
12730
30508
328
19088
4880
31477
13256
22976
20661
25260
29683
10126
24475
25416
10098
13650
25805
21114
16071
7380
4354
25579
3460
22449
23154
19397
29370
5632
2280
27252
26037
26678
18457
26030
15078
16455
13364
21168
13601
3598
5306
21963
14089
31471
14736
23328
10440
2235
11859
19624
26115
6099
14315
26999
18444
6289
20579
8769
8282
27619
5367
7965
14135
14137
23151
21129
8889
12194
23468
15790
2547
8241
13953
18918
10348
12198
10948
23420
9681
10570
20388
435
5606
19739
13116
26633
13506
27433
6249
27836
13116
20032
18137
142
10145
14791
8549
13253
30376
32488
30369
5239
18599
27890
16305
16900
24326
8443
16734
23012
24052
30921
17257
8611
24154
11507
21022
4649
23565
22083
15917
10303
21576
25183
20150
7759
10329
15272
22947
29547
6298
10339
13882
25489
27555
9495
15858
13614
5566
15925
20358
32736
29852
11518
2121
20608
29510
15266
10169
20064
10837
13477
20822
17873
20582
24967
8373
15337
3785
23716
17360
28547
3705
14937
4000
27526
20817
19816
17134
3691
11132
2718
27494
11001
28974
20403
8429
9811
11409
4465
2868
14133
28675
13592
25997
10875
6270
6402
29950
20707
5207
4227
9364
31251
556
22291
15354
8414
15384
16047
25674
11459
9000
7548
28451
27830
16147
16046
5116
12068
1573
23208
6072
6961
24957
23140
4730
12100
16760
27158
18362
2245
22125
7948
17561
22821
16795
13529
14449
11295
21087
9650
15281
25406
9131
8728
30952
2720
11699
11192
27679
27385
8169
22415
11372
31962
5932
31569
29636
8500
1084
18956
22801
17176
22130
9224
28804
18112
16046
7667
17965
27091
7824
826
26313
30949
30699
22458
27355
32317
28790
7320
14334
19932
15813
23661
27769
4795
3448
17063
10516
16723
15795
16940
11562
4962
31182
3904
30976
28909
3917
28840
27221
27265
3858
11279
1850
10431
3793
4522
27428
29976
7877
27416
2624
16340
18337
20876
16134
18265
9418
12077
22033
17578
28355
28605
3118
16686
2536
9337
12979
31155
28000
8001
28178
29362
30285
18681
17069
8660
31557
14127
25580
20662
13318
17662
31117
7401
18789
13106
20284
14654
8584
5036
8804
21568
15445
1033
580
18433
13354
31614
30277
30490
14031
12294
24203
31469
2729
22208
17098
1837
29744
17298
859
9889
4003
11283
8335
13604
29434
4520
3139
15089
11292
5869
14772
3357
28498
17494
24469
22373
2555
22
8287
29482
28034
15679
3305
12218
26254
9771
13624
28625
21624
17948
15256
16480
29954
30239
7659
19596
6214
4406
10562
21242
20716
13237
19370
74
29856
2541
14409
21217
195
29192
4521
27628
14177
30004
3667
29089
2148
23556
19360
26312
6919
25106
17100
7035
2957
19690
5196
6954
12594
27171
7521
15330
98
14543
3054
13006
23849
16918
25735
20990
29163
25885
11978
21351
24149
6701
15346
21803
21139
28945
15273
27419
27331
20159
4894
27002
24234
11835
10840
19716
22950
26809
9162
25647
3812
18690
12839
7601
24019
28184
119
8258
6873
16669
24683
4003
20548
625
13037
8927
2947
12827
16124
28625
2710
22378
27319
4070
24003
27611
2743
549
20875
27966
15266
28268
13532
23317
31229
11772
20360
9021
27714
15671
7414
16848
4915
31401
7960
6217
21613
22342
23964
16361
4928
23538
25959
23386
19390
10311
23615
11155
25618
20114
31943
27643
10260
12574
3761
14801
8986
17590
12079
2763
19472
23653
32170
30461
14283
25216
183
23037
17818
8934
22343
3909
31262
2695
2589
19928
31836
35
4486
26409
26897
14932
25412
27960
28741
14031
7371
1022
28963
14055
7600
25099
2056
25939
9822
17518
17114
2352
20235
22997
28571
27210
27370
26869
14654
19095
11170
13868
1721
6404
6400
27749
20571
16756
12520
3389
24416
15878
17298
11364
11203
19863
24563
31301
19539
29577
25720
25065
11529
9410
2042
15896
32665
17911
28399
27074
6727
24362
8413
12190
14588
10353
29205
23825
21657
21498
13725
31825
1163
14668
19310
31178
7840
17871
24287
14529
2328
22159
26978
23351
29440
24381
19822
16656
26299
631
7612
628
27362
32584
25782
26998
9550
6131
45
12019
13426
21996
25930
32445
13038
20264
24775
1785
6498
20630
10078
5830
29312
4590
19074
4128
5478
22185
25934
12547
23082
8272
5563
30675
31926
22010
5653
9979
8662
1297
2736
11221
12943
8020
22487
27850
435
23074
5125
17082
28594
4853
27224
8605
179
23853
322
13419
6371
7439
14722
28730
21261
21517
22866
25254
9580
583
30690
16246
18621
16723
15622
29053
5527
31801
18731
12989
19455
26818
22928
28627
31032
9715
31923
31375
28632
9172
27401
20450
1569
14454
22513
29949
3725
1587
20203
12215
16043
5944
28933
7727
30762
21057
9879
29107
10291
11428
6448
20705
12541
15761
2512
9484
4507
5784
22360
22242
16408
1387
18750
15947
27077
8934
29317
18836
3538
21324
16621
8140
9756
7124
3175
17006
21062
29028
15051
29249
14603
25756
19405
23421
5074
20246
24878
19759
6275
26092
5935
32734
13722
21883
16715
12143
21626
19047
24357
3142
5635
3040
24000
18350
15718
2851
30958
16251
15672
3139
20747
3310
6854
19497
2282
31448
7081
18393
16
9986
29082
2296
32032
21197
22663
7051
23703
10006
23270
4354
6073
28508
12361
13429
14284
4133
27186
21549
2435
15517
25385
17510
9405
12161
9229
32595
7280
27451
13224
1635
27359
17743
1157
26819
28180
16629
29958
4900
2186
32007
5553
19646
14890
14622
10699
1429
17784
13817
5672
23035
13583
29982
12865
28502
21835
7107
12167
3619
30277
31982
2807
7483
2564
3804
15599
25173
29425
20384
6976
11213
5772
23820
8580
18340
2142
17364
5042
27591
24878
18929
12015
29588
5752
14404
23719
5786
26139
26492
7133
31904
10834
5177
5311
21225
10725
15985
2686
18103
14497
6164
8028
2318
15365
18155
7943
16314
26686
32198
17189
1940
18774
12502
9776
27648
27816
26968
22660
30650
16023
31859
19382
17107
28799
10596
2088
8694
31468
25304
24794
23280
4106
18329
6531
623
4701
3693
13025
26378
25522
26940
20813
11650
8278
9072
29074
584
6789
32673
24575
1087
10789
6258
9659
19650
9397
18614
24665
14569
4480
24280
14252
22536
28182
8057
26077
9081
5884
23386
1466
25500
10403
7293
6993
26139
27799
11911
2750
26995
9977
1641
28993
25008
22575
19775
5268
31351
18138
4728
23675
31306
26120
26936
2716
27400
27564
29946
9361
11187
11083
10618
17468
20342
2295
16850
16986
28135
6273
13027
28507
18569
15595
7414
20082
27029
23580
163
1768
8186
31447
15091
32693
31906
21742
3265
22865
13559
17843
12646
14792
3750
5296
18581
7949
14498
31384
6019
11152
13677
29309
25931
8466
14995
11074
30354
32184
10615
11604
27750
28511
1361
2197
2668
4400
2680
7833
10299
10100
19165
23829
20995
19881
29656
31892
23666
19157
8488
5996
28632
26
24885
11505
20105
9611
20119
25832
23171
18750
25308
10047
7760
17570
26246
23547
23854
7187
8788
26481
28270
31916
13763
14009
26650
19549
14035
28768
23770
61
32526
7517
12568
11553
18887
24134
19299
1645
1952
196
9233
16170
2895
2373
30761
345
29601
1264
9088
28551
30398
14302
26145
25762
29360
31623
6386
26123
26399
24954
5525
31724
15454
28242
21901
25548
31660
229
3234
20833
23731
14782
17030
12709
19541
30414
12216
9260
20648
14174
25001
7860
28223
31816
27166
28414
29356
30823
7637
3804
18498
9548
9835
32396
14112
4146
27517
6468
14187
29492
5902
6158
14554
28350
14632
14038
888
30530
20166
12225
5541
19244
12274
193
9054
1303
10539
12135
6847
7745
17417
32504
20934
30012
804
19650
16730
11495
5425
1712
29068
30621
17262
28701
31516
8876
8001
10470
16959
30217
13083
10947
20127
15426
15011
12503
25764
1715
9745
15749
17394
509
27863
12934
12083
28340
29575
12088
8470
4696
2289
10553
21143
13447
16011
29493
30338
31856
8215
9724
20018
17035
3711
8152
31647
10888
16900
3613
13464
6533
14231
13569
15180
23683
3463
27054
16399
4891
4957
29334
4187
12909
4357
16903
14101
13402
2350
16127
29202
18163
31474
4161
8410
4144
26298
7592
4268
23014
6748
15292
18882
14835
2183
13699
16853
2747
12129
10394
6116
18393
21102
26499
15666
8974
2996
22081
12174
25981
30749
29986
10454
28955
796
3549
26558
30305
5523
14044
30158
12868
11253
8411
3754
18534
6056
25266
3222
3470
28589
14191
32313
22102
29826
25256
18849
7715
27463
12048
136
6746
13345
15175
18902
3537
8156
2295
1127
28804
18644
540
1805
16266
29461
26787
8665
2375
14273
25655
17558
2530
32690
8792
28311
27641
4449
15533
19379
404
13830
22939
8845
2392
14849
15126
30745
21502
19577
12215
3163
24067
579
6671
5234
12704
5
572
21974
9468
3995
26041
1758
18593
9401
14715
6277
6700
5330
21049
19821
20297
1593
9995
16932
19679
23175
8758
19111
7816
6204
29766
18724
580
6057
7518
25092
23662
30477
8397
12585
10223
6654
5857
25716
14001
14346
4352
24459
22103
16031
1012
19673
11563
2600
11399
16342
25431
14969
8784
19592
27737
9837
3276
14410
1201
13005
11953
10188
14300
4212
15230
28251
646
9649
11095
25186
25852
9965
272
23345
31200
8846
13960
15358
25888
1051
17208
12329
12072
21152
28939
31941
24663
11860
29552
2899
28848
20857
29870
4560
24531
6276
3449
31731
2347
21886
23234
31152
2152
29354
9683
22272
16944
10344
21146
228
25873
19033
2117
23463
30395
28612
18448
20068
16748
31544
26203
10185
13739
17779
6656
16410
5177
28547
5603
31865
29765
8235
24779
5988
31199
12424
24432
21119
20655
3060
17621
30100
16103
18219
23767
16088
25718
12973
25862
10352
31359
27747
26549
10035
9993
13444
19789
18098
14584
2490
6119
18037
24636
20609
32025
7304
13896
2512
21007
311
10949
23804
32222
26645
10376
30937
26134
2627
1730
4130
2454
26094
6775
29979
15781
22298
31794
6260
16702
11678
22006
28529
6826
25712
19831
1352
29525
24099
24202
15307
26074
19118
14811
32582
29280
6767
31710
29099
3369
8816
20488
20716
31592
21992
21566
7337
29267
14597
20622
16139
11386
28904
5917
15600
26967
5362
8288
12616
2854
9534
14223
6078
18167
19054
19287
10908
6913
17067
14032
22504
32569
8167
5806
4563
1059
15205
32443
32341
21480
636
9093
18961
18858
152
19539
8830
4884
19073
8542
6984
4149
12000
10814
756
25998
20479
4259
27332
29801
2768
31557
26074
11629
20273
5406
17311
29040
19822
5334
18790
29836
7431
22655
12109
22389
16564
27010
25700
27401
11175
31961
24082
21033
11281
17279
30388
30152
24295
7973
8070
32577
4326
3879
27079
19694
12501
27070
11032
5366
14090
13687
16678
10854
9775
14052
14472
6276
2374
1681
23275
2144
4843
17209
26732
9387
16857
13370
69
28620
11952
28743
31916
16433
26358
23645
17912
22243
31067
5880
24838
17502
5953
9094
15579
3999
28539
27164
906
21374
9813
24424
29272
17982
3797
26855
32031
24419
2369
20823
16624
4035
10977
24944
2556
16352
4870
28879
28853
2165
4428
819
21040
22863
283
17899
10190
606
32372
399
539
21260
22506
21487
10998
17357
25070
17993
13043
24056
3920
5055
28157
21973
29443
13319
9024
2807
3873
32357
29766
25292
5422
30934
16223
12658
31649
10126
327
9420
3232
28837
31235
26070
21004
26638
6412
25653
701
6088
29871
19
21775
6232
20660
1577
23197
3446
30782
12829
18764
23303
28402
11023
21900
9803
15707
11887
474
30552
23693
23825
1929
3783
1289
24195
15555
17325
25825
20126
7115
32205
285
10587
20356
8203
18012
10472
26935
30500
3263
18939
9105
157
4866
27239
22251
7673
13548
13805
719
2095
24810
21844
4279
5979
4343
5051
13335
12980
19134
28207
2974
31934
27395
16761
26553
4033
16447
2617
23130
24185
14474
27449
29687
3343
9918
28155
20949
22088
25306
12692
24966
20733
18852
31677
32177
10699
24467
24616
18449
9483
6891
29200
25792
32004
6442
13332
31414
28768
17315
14917
7564
5341
10089
12926
1158
16965
1134
18164
13009
10656
22508
3853
29961
27816
26116
630
22527
18813
1702
8816
31928
11930
14768
19818
28089
19208
18010
28885
22913
28369
27089
3380
22104
20408
22818
16498
4935
1575
6746
19065
6760
22121
30955
16384
2144
6681
6482
24484
23849
24027
28663
15675
18965
1866
8021
14181
8463
5937
346
27491
18724
23549
24593
6957
23619
10354
8574
14782
21057
25246
27338
4531
23840
32523
32416
14868
23185
15417
23254
19826
32439
12875
22864
5938
7214
2817
22561
11048
11596
30182
11508
7016
679
11467
26539
16472
15063
7283
10309
18186
26493
1424
3077
31177
900
10734
30160
30450
7846
23023
13784
18950
25138
30263
21623
6908
21261
14760
1117
26588
29943
24465
32750
31881
13072
31266
21990
7390
12699
3364
26943
5373
27905
16615
10324
9188
18969
16763
16198
29762
31654
7714
18847
6024
24866
15622
18229
14146
17082
14120
22610
28840
3737
12441
1297
3696
31593
236
5131
5351
13335
16363
13363
21568
28887
2697
32255
29996
8553
5144
4041
13227
3226
22460
18804
15393
2317
32288
27474
24236
13115
19303
7237
3253
17593
10598
6949
21701
28858
8720
8034
20634
27092
24113
11499
14715
29959
31840
24398
5832
11771
21550
28704
15061
24713
31140
31903
504
7037
5357
20118
2017
24730
25167
11393
18218
5599
28256
29938
22319
7177
25206
2355
15392
11865
30047
19245
32085
28567
21586
12936
30177
18519
6182
15636
4969
31355
6850
15976
30519
3577
16597
21193
11658
31455
3015
31053
28464
13460
2031
6463
8535
31328
27398
30406
1953
4398
30427
23234
23670
19089
29769
29175
17310
32006
23142
10093
19215
20857
30206
32278
28163
2570
9536
11698
20046
9744
31670
1776
6127
1886
25211
25302
17125
31942
2216
8546
10052
21980
14351
31602
6023
25596
25132
11233
29992
3215
31064
13299
29550
20617
27200
16115
31879
27958
18838
26906
27862
31287
2566
28083
6286
10440
20076
125
20352
2116
11332
22097
21297
29674
29281
8452
29488
3553
18403
655
17318
27514
14179
15213
8751
22198
31344
6213
31976
18696
6463
25289
4042
859
12958
23006
3126
26455
42
29949
24272
30176
27330
30425
1937
5856
17211
4930
14360
3655
29525
11337
11329
16976
15086
27301
28921
14085
19830
13653
3409
25349
25507
19591
16849
16773
5478
3001
21006
17813
4125
5918
3198
4772
32010
30787
1164
7751
11268
28146
13032
7990
22124
29527
28705
28055
3683
16993
32117
14464
11834
21867
4072
13495
23594
11292
4499
10428
30278
22411
3391
31241
31405
4519
30770
8088
16388
25559
20041
7590
4644
8413
13383
28343
1807
13824
5229
32218
8233
5994
26955
5678
2981
19407
10965
27557
6717
23375
4537
8456
15654
9630
9456
28475
8259
25442
17811
20931
13465
22236
11505
23685
16131
28619
4318
7888
16166
26253
25166
14238
17064
4744
23074
32535
30877
32712
18497
26967
6466
2025
22763
1649
30190
29240
17482
17332
17733
24341
7242
21037
32687
668
11435
22124
24585
29316
8533
17803
23706
2886
26347
4973
11336
12418
31138
5700
11275
27807
5716
17238
14499
13235
464
10496
20614
19874
23157
18939
4637
11145
10239
15838
27183
11357
7584
15076
1694
5327
16979
27888
24913
15987
29549
15822
30577
16930
30068
29372
216
8605
1845
17193
15302
13426
11025
19644
8406
23588
6808
2200
4913
17286
6233
9695
24834
11624
5111
28020
10282
5749
21632
4870
29492
11868
7419
5962
8843
27694
32576
8071
30186
16903
20749
26200
18965
13297
30549
10670
24263
22021
31707
14868
14571
30164
8448
3895
29966
29445
26585
1445
7701
2879
15493
10709
23595
7497
15550
13416
4094
10095
19629
7086
11819
1320
28163
24172
28406
12279
3397
27612
9791
1935
14695
19702
22450
25914
31133
29422
23357
32379
13678
20222
9671
23282
25354
5989
2591
24961
28637
23984
1586
16557
5988
23096
28802
13895
7232
4332
6611
31307
6025
13136
14119
20744
21092
25542
10221
2177
24024
15885
27766
25876
23773
18695
24744
16729
13494
13759
3830
25933
6017
4010
12176
22704
7437
16941
10198
13483
24043
5984
7699
14518
17608
5138
30056
9913
2554
21773
17926
10865
3416
20890
9632
20502
591
10056
21537
20027
8754
21226
8346
9973
22738
31455
6782
25663
8015
11926
25361
29597
31021
16208
13086
25856
18346
5672
26856
4330
26447
11089
12900
27090
19398
672
10149
31946
3563
20810
27032
25951
8229
12526
6385
14529
7415
982
14693
11300
25554
28282
21786
31333
30766
2629
29788
19697
22233
13724
15761
11235
13710
9501
20847
14700
24777
6692
14188
15480
11226
25236
28278
16014
10040
1492
30181
16632
4377
17175
25262
19749
13375
17633
21721
25675
10517
11719
24885
4688
11514
25206
17226
10219
989
13558
27535
24583
6154
21808
15837
29800
19523
10926
5156
26000
13331
31651
22877
31204
9823
1323
20671
14347
24126
26835
23862
24727
7691
4956
23825
10983
2232
188
28154
18763
9572
358
11564
30826
16688
25803
18400
7649
9039
11553
28680
14893
18269
12387
2368
12747
4594
19097
8706
12701
13174
1369
3353
12944
11575
22670
12120
24700
11448
26744
21899
26700
12621
25844
9902
29022
12260
28158
1629
17965
10534
8564
31628
28717
26047
13852
28536
19190
19705
18409
22749
21157
2448
14714
10090
12671
28866
20196
882
20696
24485
26033
13796
28980
701
28201
19581
3499
15310
2512
20028
3730
6639
29487
5143
3927
6112
4823
6636
15277
5277
26020
23482
2025
14899
6207
4881
18604
18131
31718
26823
28099
27685
14448
28397
25675
14558
24459
30465
25625
16533
17737
6245
11353
30163
16859
31504
29556
27241
16540
14980
3640
